# Created by Octave 3.8.1, Sun Jun 22 14:13:08 2014 CEST <stanluk@stanluk-laptop>
# name: A
# type: matrix
# rows: 33
# columns: 2
 0 35.904064
 1 32.838566
 2 32.886082
 3 32.761105
 4 32.804092
 5 32.804092
 6 32.881756
 7 32.877434
 8 32.795486
 9 32.150204
 10 32.063614
 11 32.100666
 12 31.875559
 13 32.137806
 14 31.936638
 15 31.91625
 16 32.877434
 17 32.179176
 18 32.162617
 19 32.274723
 20 32.034855
 21 32.253902
 22 32.088306
 23 32.014343
 24 32.696835
 25 32.249741
 26 32.084187
 27 32.08007
 28 32.170891
 29 32.121292
 30 32.233109
 31 32.088306
 32 36.080242


# name: B
# type: matrix
# rows: 32
# columns: 2
 1 35.415783
 2 27.508802
 3 20.408163
 4 15.52988
 5 12.431626
 6 10.337413
 7 8.846425999999999
 8 7.734191
 9 7.63522
 10 7.542843
 11 7.344732
 12 7.160041
 13 6.887432
 14 6.611308
 15 6.351626
 16 6.092508
 17 5.733551
 18 5.425112
 19 5.180166
 20 4.954616
 21 4.744193
 22 4.531202
 23 4.31332
 24 4.176063
 25 3.966869
 26 3.775694
 27 3.597847
 28 3.512913
 29 3.32823
 30 3.217752
 31 3.120242
 32 3.237755


